1.85407 3.43568 1.01763 1.2535 6.00037 8.54609 3.36931 
2.56269 4.12404 3.11707 9.42529 9.44982 6.96481 8.95574 
9.81491 8.63519 4.3016 0.844501 0.0514744 4.19555 4.11323 
3.28155 0.0592567 4.78296 8.68438 1.94455 1.16863 2.50122 
3.69502 5.22809 1.86587 9.33858 7.81777 1.25303 0.749599 
8.83963 2.27544 6.15737 2.45082 2.41303 7.70692 8.99302 
4.81847 3.36988 1.39248 2.53851 0.982906 5.54701 1.11831 
3.90123 5.98205 2.37333 5.12502 1.45282 5.462 9.83671 
7.20286 5.7353 6.66587 0.0181923 0.312659 7.38809 7.90735 

